nan
nan
6.785024322541439687e+03
6.710250537257214091e+03
7.661722493262334865e+03
6.689178283627604287e+03
5.615214854436121641e+03
6.576287350204944232e+03
5.872144821685964416e+03
3.497382033857768420e+03
4.750389657478543086e+03
2.422631996666263603e+03
2.406955702923572971e+03
2.246191590406001524e+03
2.236359609030620049e+03
2.003101528927855725e+03
1.967310688745326843e+03
2.391077164185159290e+03
1.133728316885147706e+03
0.000000000000000000e+00
0.000000000000000000e+00
0.000000000000000000e+00
