inf
inf
6.100294540683129162e+04
5.539003594374530803e+04
5.178243811003345036e+04
4.655252265319148137e+04
4.193017663549607096e+04
3.665515757190269505e+04
3.275014487493896013e+04
2.698832939136249479e+04
2.296481533351445978e+04
1.943430415695512784e+04
1.506602127199255119e+04
1.172561384402158546e+04
9.941124842413755687e+03
5.543544826466803897e+03
4.192734329619476739e+03
1.937294498084809220e+03
7.360665643870829626e+02
0.000000000000000000e+00
0.000000000000000000e+00
0.000000000000000000e+00
