0.000000000000000000e+00
4.000000000000000777e-01
1.166190378969060193e+00
1.414213562373095145e+00
1.833030277982336198e+00
2.135415650406262245e+00
1.854723699099140699e+00
2.800000000000000266e+00
2.785677655436823663e+00
2.227105745132008430e+00
2.856571371417139904e+00
1.624807680927192077e+00
1.326649916142160102e+00
1.326649916142160102e+00
1.356465996625053849e+00
1.356465996625053627e+00
1.469693845669906684e+00
2.097617696340303262e+00
1.166190378969060193e+00
0.000000000000000000e+00
0.000000000000000000e+00
0.000000000000000000e+00
