0.000000000000000000e+00
2.000000000000000111e-01
1.800000000000000044e+00
3.000000000000000000e+00
4.200000000000000178e+00
5.799999999999999822e+00
7.400000000000000355e+00
9.400000000000000355e+00
1.119999999999999929e+01
1.380000000000000071e+01
1.580000000000000071e+01
1.760000000000000142e+01
2.019999999999999929e+01
2.219999999999999929e+01
2.339999999999999858e+01
2.660000000000000142e+01
2.780000000000000071e+01
3.000000000000000000e+01
3.119999999999999929e+01
3.200000000000000000e+01
3.200000000000000000e+01
3.200000000000000000e+01
