inf
2.295780113002951050e-03
2.295780113002951050e-03
2.020855314921574282e-03
2.616576672005832722e-03
2.182464856955619592e-03
1.425964871948207048e-03
1.312899797745055094e-03
9.492392148720688646e-04
7.594642716043647091e-04
9.137228396783401551e-04
7.975213915368314227e-04
7.495506913215523905e-04
4.119589526984798679e-04
5.190504589380697973e-04
5.248514901888130498e-04
4.545543081102010070e-04
4.370155515214612209e-04
2.594372606624909981e-04
0.000000000000000000e+00
0.000000000000000000e+00
0.000000000000000000e+00
