inf
inf
4.862997585235594306e+04
4.604720416869831388e+04
4.368239701282958413e+04
4.048205470587206219e+04
3.548591245433799486e+04
3.275064011851915348e+04
2.896496683909491185e+04
2.896496683909491185e+04
2.468104798444647167e+04
1.877005035168784889e+04
1.215794217041892261e+04
9.160186253648831553e+03
7.742582885837527101e+03
3.288170752170353353e+03
2.492278811215016049e+03
7.596302009018845638e+02
0.000000000000000000e+00
0.000000000000000000e+00
0.000000000000000000e+00
0.000000000000000000e+00
