3.116703296703305370e-01
2.233806193806180118e-01
2.890539460539457983e-01
2.648231768231771865e-01
3.232847152847171390e-01
2.891128871128858524e-01
3.573776223776228278e-01
3.012217782217790352e-01
3.285074925074925600e-01
3.950979020979021317e-01
2.303866133866145083e-01
2.584615384615380762e-01
3.335564435564433716e-01
2.992557442557434721e-01
2.331658341658345568e-01
2.584685314685308821e-01
3.054065934065924859e-01
3.170039960039962579e-01
2.834215784215787792e-01
3.858101898101897742e-01
3.018431568431581558e-01
2.900489510489510647e-01
2.550369630369626606e-01
2.877042957042956761e-01
2.842607392607394701e-01
3.459580419580415289e-01
2.962277722277719127e-01
2.837942057942063334e-01
3.559560439560434664e-01
2.428251748251726294e-01
3.393236763236766040e-01
2.945954045954051193e-01
