inf
inf
1.169952778001568367e+05
8.340542841876049351e+04
3.456131719811227958e+04
1.336598251650908969e+04
1.336598251650908969e+04
1.336598251650908969e+04
5.440988523834776061e+03
5.440988523834776061e+03
5.440988523834776061e+03
9.955303495865746299e+02
2.633662504952504264e+02
2.089667071777449081e+01
9.798482431263639825e-01
0.000000000000000000e+00
0.000000000000000000e+00
0.000000000000000000e+00
0.000000000000000000e+00
0.000000000000000000e+00
0.000000000000000000e+00
0.000000000000000000e+00
