nan
nan
1.577850534635618033e+03
3.643248078776848160e+03
4.075513952717874417e+03
4.375969805664884007e+03
3.895246934983267238e+03
3.760476331783767819e+03
3.473810035765332032e+03
2.164113109682943559e+03
2.648889006716330641e+03
3.738837915581534162e+03
3.840668433602290861e+03
4.071231720724282695e+03
3.673392050117708550e+03
3.632054874534236205e+03
2.553779214309948657e+03
1.606894538039093050e+03
1.457928481756294786e+03
4.105702340919667108e+02
0.000000000000000000e+00
0.000000000000000000e+00
