inf
inf
6.003210095598911721e+04
5.547155025681325787e+04
5.239694461066967051e+04
4.748484368658952735e+04
4.357142129642620421e+04
3.637972131359330524e+04
3.291706032017470716e+04
2.806364118522548961e+04
2.544279762282924639e+04
2.286815217521900922e+04
1.975630343289877055e+04
1.711170945244632821e+04
1.380429509080111166e+04
1.058310879118732191e+04
6.525667237885844770e+03
5.197927104074871750e+03
2.663761695395849983e+03
2.052851170459833554e+02
0.000000000000000000e+00
0.000000000000000000e+00
