0.000000000000000000e+00
4.000000000000000777e-01
4.000000000000000777e-01
1.356465996625053627e+00
1.624807680927192077e+00
1.854723699099140699e+00
1.166190378969059971e+00
1.356465996625053627e+00
1.166190378969059971e+00
7.999999999999999334e-01
1.356465996625053627e+00
1.788854381999831711e+00
1.854723699099140921e+00
1.897366596101027536e+00
2.039607805437113619e+00
2.135415650406262245e+00
1.854723699099140699e+00
1.496662954709576665e+00
1.356465996625053627e+00
3.999999999999999667e-01
0.000000000000000000e+00
0.000000000000000000e+00
