0.000000000000000000e+00
2.000000000000000111e-01
1.199999999999999956e+00
2.600000000000000089e+00
3.600000000000000089e+00
5.400000000000000355e+00
6.799999999999999822e+00
9.599999999999999645e+00
1.119999999999999929e+01
1.340000000000000036e+01
1.459999999999999964e+01
1.600000000000000000e+01
1.760000000000000142e+01
1.900000000000000000e+01
2.080000000000000071e+01
2.280000000000000071e+01
2.539999999999999858e+01
2.639999999999999858e+01
2.860000000000000142e+01
3.180000000000000071e+01
3.200000000000000000e+01
3.200000000000000000e+01
