inf
inf
4.119117512080630768e-03
4.119006023170015095e-03
4.005181142612181631e-03
2.936141994429094376e-03
3.295096668231736834e-03
2.849605969278819814e-03
3.056376399272730301e-03
2.035181613753240994e-03
2.183255849676407623e-03
3.912573667836969672e-03
2.403873966423566988e-03
2.269569227766217272e-03
1.186670048724886017e-03
8.434346147860591943e-04
7.374820043704387144e-04
6.285956129471700383e-04
4.728768671110747325e-04
3.722422809583753695e-06
2.688473522723550846e-06
0.000000000000000000e+00
