0.000000000000000000e+00
0.000000000000000000e+00
8.000000000000000444e-01
7.483314773547882215e-01
1.095445115010332149e+00
1.673320053068151125e+00
2.135415650406262245e+00
2.135415650406262245e+00
2.244994432064364887e+00
1.326649916142159880e+00
1.019803902718556810e+00
8.944271909999158554e-01
1.019803902718556810e+00
1.897366596101027536e+00
1.720465053408525291e+00
1.624807680927192299e+00
1.019803902718556810e+00
9.797958971132713080e-01
1.469693845669906684e+00
8.000000000000000444e-01
4.000000000000000222e-01
0.000000000000000000e+00
