0.000000000000000000e+00
0.000000000000000000e+00
1.399999999999999911e+00
2.200000000000000178e+00
4.000000000000000000e+00
6.000000000000000000e+00
8.199999999999999289e+00
9.199999999999999289e+00
1.140000000000000036e+01
1.319999999999999929e+01
1.440000000000000036e+01
1.600000000000000000e+01
1.860000000000000142e+01
2.100000000000000000e+01
2.280000000000000071e+01
2.460000000000000142e+01
2.739999999999999858e+01
2.880000000000000071e+01
3.019999999999999929e+01
3.139999999999999858e+01
3.180000000000000071e+01
3.200000000000000000e+01
