inf
inf
6.509423933311655128e+04
5.524190555579949432e+04
4.939299023166346888e+04
4.455081684339631465e+04
3.941824580893650273e+04
3.457271881049690273e+04
3.203269716943819731e+04
2.973876066593248834e+04
2.538080158342587310e+04
2.370444408967787604e+04
2.186541599271691302e+04
1.789319452704446667e+04
1.278337029164854539e+04
8.424705844449181313e+03
5.402613577911786706e+03
3.951304192754969336e+03
2.578956983659616526e+03
0.000000000000000000e+00
0.000000000000000000e+00
0.000000000000000000e+00
