inf
inf
6.930005989801160467e+04
6.366383671286416211e+04
5.205244489186911233e+04
4.914622659095043491e+04
4.599004164582428348e+04
4.138385229696478200e+04
3.917267858709464053e+04
3.153939076475484399e+04
2.990613465206315595e+04
2.824575311264979973e+04
2.238361188191178371e+04
1.823213718877963765e+04
1.455936055708912500e+04
9.717466817938757231e+03
6.428015484546816879e+03
3.997869845045524926e+03
3.996692832687062946e+03
0.000000000000000000e+00
0.000000000000000000e+00
0.000000000000000000e+00
