inf
inf
3.957354884545731533e-03
4.989893854185386071e-03
4.525109095469844085e-03
1.484694694007882140e-03
3.101692573459307462e-03
1.953190031457546685e-03
8.217608322496967876e-03
5.965882276045074428e-03
5.560467093376971447e-03
4.582162027017212119e-03
4.382691082165964327e-03
1.528787226300843500e-03
2.208987549219505742e-03
6.897908342283160053e-04
3.625029263324796962e-04
4.359047598511615033e-05
9.205212808461066563e-06
0.000000000000000000e+00
0.000000000000000000e+00
0.000000000000000000e+00
