0.000000000000000000e+00
4.898979485566356540e-01
8.944271909999158554e-01
1.019803902718557032e+00
1.356465996625053849e+00
1.496662954709576443e+00
1.743559577416269324e+00
1.854723699099140699e+00
2.561249694973139590e+00
2.135415650406262245e+00
2.756809750418044214e+00
2.712931993250107254e+00
2.449489742783177881e+00
2.576819745345025225e+00
2.059126028197399982e+00
1.600000000000000089e+00
9.797958971132711969e-01
9.797958971132713080e-01
9.797958971132711969e-01
3.999999999999999667e-01
0.000000000000000000e+00
0.000000000000000000e+00
