0.000000000000000000e+00
4.000000000000000222e-01
1.000000000000000000e+00
2.399999999999999911e+00
3.600000000000000089e+00
5.400000000000000355e+00
8.599999999999999645e+00
1.040000000000000036e+01
1.219999999999999929e+01
1.419999999999999929e+01
1.600000000000000000e+01
1.780000000000000071e+01
2.000000000000000000e+01
2.139999999999999858e+01
2.360000000000000142e+01
2.580000000000000071e+01
2.780000000000000071e+01
2.919999999999999929e+01
3.080000000000000071e+01
3.180000000000000071e+01
3.200000000000000000e+01
3.200000000000000000e+01
