inf
inf
3.480079527963328943e-03
1.871638002839682386e-03
1.203356769550885516e-03
1.053644523260642996e-03
9.379697390813525196e-04
7.136252153908714379e-04
6.044294438791146399e-04
5.171026676321688114e-04
4.885634403812771443e-04
4.188234507881285302e-04
3.717763180056747304e-04
2.047624668064070756e-04
1.741905029971235644e-04
9.111514118095449788e-05
7.755573119508882317e-05
1.774315365189345069e-05
1.215841068222296610e-05
0.000000000000000000e+00
0.000000000000000000e+00
0.000000000000000000e+00
