nan
nan
1.443342610622212535e-03
3.988006073473633097e-04
2.308001890666507082e-04
2.794146117172233894e-04
2.587186774598812826e-04
1.781055695077251753e-04
1.506011692875406543e-04
1.291623756094735585e-04
1.379811922580534639e-04
1.269351271298279900e-04
9.765752134916954122e-05
4.950916186634967954e-05
6.292869273467739210e-05
6.388544434293405886e-05
5.734044822555112012e-05
1.152851759310591004e-05
1.295852959597516404e-05
0.000000000000000000e+00
0.000000000000000000e+00
0.000000000000000000e+00
