0.000000000000000000e+00
4.898979485566356540e-01
4.000000000000000777e-01
1.166190378969060193e+00
2.097617696340303262e+00
2.416609194718914555e+00
2.315167380558045274e+00
2.280350850198276103e+00
1.939071942966531736e+00
8.944271909999158554e-01
4.898979485566356540e-01
7.999999999999999334e-01
7.483314773547882215e-01
1.166190378969059971e+00
7.483314773547883325e-01
4.898979485566355985e-01
4.000000000000001332e-01
6.324555320336758824e-01
1.095445115010332149e+00
0.000000000000000000e+00
0.000000000000000000e+00
0.000000000000000000e+00
