0.000000000000000000e+00
4.000000000000000222e-01
1.199999999999999956e+00
2.799999999999999822e+00
5.000000000000000000e+00
6.599999999999999645e+00
7.799999999999999822e+00
1.000000000000000000e+01
1.180000000000000071e+01
1.400000000000000000e+01
1.559999999999999964e+01
1.739999999999999858e+01
1.919999999999999929e+01
2.180000000000000071e+01
2.419999999999999929e+01
2.639999999999999858e+01
2.819999999999999929e+01
3.000000000000000000e+01
3.100000000000000000e+01
3.200000000000000000e+01
3.200000000000000000e+01
3.200000000000000000e+01
