inf
6.301892537448044459e+04
5.916310406877854984e+04
5.384597367297189339e+04
4.882461793072710134e+04
4.319866597748162167e+04
3.317933156961325585e+04
2.918410322825164985e+04
2.234126234213770294e+04
2.055890945665105755e+04
1.514889293473302314e+04
1.374861203833436957e+04
1.193336946333047308e+04
9.731933428180083865e+03
7.887709750996030380e+03
6.660719446810184309e+03
4.236003967557701799e+03
3.228169949292539059e+03
0.000000000000000000e+00
0.000000000000000000e+00
0.000000000000000000e+00
0.000000000000000000e+00
