inf
inf
7.102747530954256945e+04
5.724266827404138166e+04
5.321979311422284809e+04
4.911536854639292869e+04
4.633818456843008607e+04
4.267308968859321612e+04
3.821002344859989535e+04
3.593565113490732620e+04
2.877771239736115240e+04
2.504190190068476659e+04
2.162499112799806971e+04
1.824712233730318621e+04
1.380045228332432816e+04
1.112892343082176558e+04
3.764994533111210330e+03
2.509589214852092937e+03
1.067836336536206090e+03
0.000000000000000000e+00
0.000000000000000000e+00
0.000000000000000000e+00
