inf
2.898712441632974451e-03
2.538898627836598185e-03
9.956415882562878825e-04
6.602697777081677254e-04
5.809003201186828348e-04
5.809003201186828348e-04
5.409962719437586042e-04
3.541351577822564409e-04
3.115952542909164631e-04
2.793291323085042490e-04
2.560626434027104387e-04
7.524725052468059694e-05
7.042426153786660178e-05
3.608664986408380358e-05
1.688106110247951442e-05
5.461818624006001823e-06
2.445191248824115962e-06
1.334036802345109750e-06
0.000000000000000000e+00
0.000000000000000000e+00
0.000000000000000000e+00
