inf
inf
6.469251512731351977e+04
6.101142288406782609e+04
6.130933428429580817e+04
5.355954024994675274e+04
5.006564276476395753e+04
4.442522813182861137e+04
4.421737810251759947e+04
4.462112171898456290e+04
4.847468122620697250e+04
4.873360806762450375e+04
3.665937736544684594e+04
3.664073474889042700e+04
2.327664326322590568e+04
2.637696731672695023e+04
1.811972542047553725e+04
1.062715389914139996e+04
5.826563504780640869e+03
0.000000000000000000e+00
0.000000000000000000e+00
0.000000000000000000e+00
