inf
6.352899113265408232e+04
5.882331673519005562e+04
5.097514845232832886e+04
4.636591232543536898e+04
3.886498153901205660e+04
3.639782073457018851e+04
2.733296881889454380e+04
2.397389845115721982e+04
2.196245269977127828e+04
1.627624969568069173e+04
1.627624969568069173e+04
1.627624969568069173e+04
1.256682926563412730e+04
9.268402653779767206e+03
3.498423821439188941e+03
2.283227293744478175e+03
0.000000000000000000e+00
0.000000000000000000e+00
0.000000000000000000e+00
0.000000000000000000e+00
0.000000000000000000e+00
