inf
inf
6.493865153718520014e+04
5.849208469540706574e+04
5.065487292103715299e+04
5.065487292103715299e+04
4.465661743561188632e+04
4.465661743561188632e+04
3.958859801821813016e+04
3.029672560249502203e+04
3.029672560249502203e+04
2.279998209435866011e+04
1.896727606725367150e+04
1.553237462431563836e+04
1.403007971108952006e+04
8.130181978056180924e+03
6.602211012364988164e+03
6.602211012364988164e+03
2.927190922759328259e+03
0.000000000000000000e+00
0.000000000000000000e+00
0.000000000000000000e+00
