inf
inf
7.009727466055937111e+04
7.009727466055937111e+04
6.485987796592610539e+04
5.851353585373290116e+04
5.351244267772037711e+04
4.784611248652500944e+04
3.677994853313470230e+04
3.305889650607500516e+04
2.623695352733709660e+04
2.100856131198857474e+04
1.685259055670274756e+04
1.143233832762380553e+04
9.777798320965035600e+03
8.111571634534236182e+03
6.594926608956297059e+03
4.856220595742727710e+03
0.000000000000000000e+00
0.000000000000000000e+00
0.000000000000000000e+00
0.000000000000000000e+00
