inf
inf
3.076072473995060223e-03
2.181060485364612507e-03
1.300188636366687942e-03
1.014449558326609505e-03
7.644295772415946478e-04
6.562941943302248466e-04
6.139812652620156835e-04
5.808337177510922850e-04
5.626753765246990087e-04
4.172773160282238500e-04
3.869397515103969792e-04
2.269835320745318863e-04
2.121341846396993891e-04
1.564626945175076394e-04
1.420685379462012521e-04
2.509865349061988284e-06
0.000000000000000000e+00
0.000000000000000000e+00
0.000000000000000000e+00
0.000000000000000000e+00
