inf
3.075916681525701912e-03
1.940451946048649297e-03
1.636041834367824369e-03
8.928179654839915429e-04
1.177935567780795650e-03
8.347750181347072260e-04
8.682020898565833214e-04
8.536231893334458084e-04
6.625722261890704557e-04
7.749425676860182376e-04
7.849853686776721382e-04
6.658093173458071385e-04
6.084490636081999262e-04
5.079298943339584068e-04
4.636078717815431084e-04
4.532592334692693266e-04
4.358685210147544603e-04
1.377700031835318926e-04
0.000000000000000000e+00
0.000000000000000000e+00
0.000000000000000000e+00
