inf
6.720579788345754787e+04
6.690575574295791739e+04
5.434128443456209789e+04
5.110494474436860764e+04
5.555795755547498266e+04
5.541394583404811419e+04
4.983504186428007961e+04
4.425324222293519415e+04
3.217468169777307048e+04
5.975969782416001544e+04
4.444162549345705338e+04
3.735715944913550629e+04
3.057002393440319065e+04
2.632217353944326896e+04
2.634256175759684265e+04
1.709282264448279966e+04
6.539446924585305169e+03
1.514913078347513419e+03
0.000000000000000000e+00
0.000000000000000000e+00
0.000000000000000000e+00
