inf
6.720579788345754787e+04
6.373538458231823461e+04
5.770960215724098816e+04
5.422787609649841761e+04
4.398877474201151199e+04
4.131070567718583334e+04
3.873920054528033506e+04
3.618684975309212314e+04
2.879860311001157606e+04
2.711160099478255870e+04
2.092813775619128501e+04
2.093565531535297487e+04
1.900141526538872131e+04
1.351318438767382577e+04
1.168419460693941255e+04
9.987868419456446645e+03
6.910875018061901756e+03
2.206289236408069428e+03
0.000000000000000000e+00
0.000000000000000000e+00
0.000000000000000000e+00
