inf
inf
6.112721363087461941e+04
5.765443365146808355e+04
5.765443365146808355e+04
5.483957563810415741e+04
4.880032815536868293e+04
3.907229744884451065e+04
3.684380725283251377e+04
3.191082775673101423e+04
2.939846022866263593e+04
2.750819373079184516e+04
2.329197602779386580e+04
2.329197602779386580e+04
2.055916439325216925e+04
1.692133144017942323e+04
1.123384387995294856e+04
6.362350529282912248e+03
1.870889300340741329e+03
0.000000000000000000e+00
0.000000000000000000e+00
0.000000000000000000e+00
