inf
inf
6.516415773258593254e+04
6.070022637285930978e+04
5.408514729712322878e+04
5.017611231534093531e+04
4.725675323876397306e+04
4.070521063730191963e+04
4.724738427199677972e+04
3.679115547250740929e+04
3.644541086363974318e+04
3.450119613906352606e+04
3.284288347183672886e+04
2.689974357933482315e+04
1.957327577803520762e+04
1.459941640763345276e+04
7.776960362304802402e+03
4.494028963861162083e+03
1.331654296135251343e+03
0.000000000000000000e+00
0.000000000000000000e+00
0.000000000000000000e+00
