nan
nan
6.956151224376667415e+03
7.114682064991529842e+03
6.392103814689859973e+03
4.351697724489025859e+03
4.905294975379549214e+03
3.768356491443556934e+03
9.730941082299861591e+03
8.142279927258054158e+03
1.014245313426570647e+04
7.930776332926905525e+03
1.456303131127475808e+03
2.427309250703164707e+03
3.018554100556732465e+03
5.473934543676339672e+03
5.143776965860606651e+03
4.388747136168782163e+03
1.825860245305602348e+03
0.000000000000000000e+00
0.000000000000000000e+00
0.000000000000000000e+00
