0.000000000000000000e+00
4.898979485566356540e-01
1.166190378969060193e+00
1.469693845669906906e+00
1.356465996625053627e+00
1.019803902718557032e+00
1.356465996625053627e+00
1.788854381999831711e+00
3.867815921162743642e+00
3.847076812334269125e+00
5.153639490690050451e+00
3.969886648255841699e+00
4.898979485566355985e-01
1.326649916142160102e+00
1.673320053068151125e+00
3.286335345030996891e+00
3.059411708155670873e+00
2.638181191654583646e+00
1.166190378969060193e+00
0.000000000000000000e+00
0.000000000000000000e+00
0.000000000000000000e+00
