0.000000000000000000e+00
4.000000000000000222e-01
1.800000000000000044e+00
2.799999999999999822e+00
4.599999999999999645e+00
5.599999999999999645e+00
6.400000000000000355e+00
9.000000000000000000e+00
6.799999999999999822e+00
1.100000000000000000e+01
1.119999999999999929e+01
1.219999999999999929e+01
1.259999999999999964e+01
1.580000000000000071e+01
2.000000000000000000e+01
2.300000000000000000e+01
2.719999999999999929e+01
2.919999999999999929e+01
3.119999999999999929e+01
3.200000000000000000e+01
3.200000000000000000e+01
3.200000000000000000e+01
