inf
inf
6.128397075555026822e+04
6.128397075555026822e+04
5.655600911416216695e+04
4.754617421585467673e+04
4.509193900981947809e+04
3.662387710200202127e+04
3.023622755537045668e+04
2.769359962969256958e+04
2.546795769917841972e+04
1.830697817555402798e+04
1.658071220949738563e+04
1.274663471098277842e+04
9.908135495020702365e+03
7.247654844296131159e+03
5.797871041750739096e+03
5.797871041750739096e+03
4.630795240235097481e+03
1.026425585229916805e+03
0.000000000000000000e+00
0.000000000000000000e+00
