inf
7.897110920857799647e+04
7.360186492386007740e+04
7.015491653858195059e+04
7.028365148608505842e+04
7.022416203352744924e+04
3.083753504116907789e+04
2.633176645524960622e+04
2.565284794007970777e+04
2.534191933163303111e+04
2.531955730438144383e+04
2.528768091153703790e+04
2.533577683258099569e+04
1.784807901105608107e+04
1.542629112631795942e+04
1.142962207405975960e+03
0.000000000000000000e+00
0.000000000000000000e+00
0.000000000000000000e+00
0.000000000000000000e+00
0.000000000000000000e+00
0.000000000000000000e+00
