inf
inf
6.372329201182333054e+04
5.940419157375227223e+04
5.941184683604130259e+04
5.337172533663985814e+04
4.255347359375008091e+04
3.745314997335369117e+04
3.360794085192584316e+04
2.726133183366091907e+04
2.259869109340959767e+04
1.773732537044294440e+04
1.309575752956029828e+04
1.124214610809691112e+04
9.193392600461964321e+03
7.760218266448129725e+03
4.715009012154841002e+03
2.706047111423447859e+03
2.702026684210502481e+03
0.000000000000000000e+00
0.000000000000000000e+00
0.000000000000000000e+00
