0.000000000000000000e+00
0.000000000000000000e+00
1.399999999999999911e+00
2.200000000000000178e+00
4.200000000000000178e+00
5.799999999999999822e+00
7.799999999999999822e+00
8.800000000000000711e+00
1.019999999999999929e+01
1.300000000000000000e+01
1.200000000000000000e+01
1.419999999999999929e+01
1.540000000000000036e+01
1.880000000000000071e+01
2.100000000000000000e+01
2.280000000000000071e+01
2.619999999999999929e+01
2.880000000000000071e+01
2.980000000000000071e+01
3.139999999999999858e+01
3.180000000000000071e+01
3.200000000000000000e+01
