0.000000000000000000e+00
0.000000000000000000e+00
8.000000000000000444e-01
7.483314773547882215e-01
1.166190378969059971e+00
1.720465053408525291e+00
1.939071942966531736e+00
1.939071942966531736e+00
3.544009029333869965e+00
1.673320053068151125e+00
1.788854381999831711e+00
1.326649916142159880e+00
3.322649545167229768e+00
2.135415650406262245e+00
3.098386676965933617e+00
2.039607805437113619e+00
2.481934729198171485e+00
1.720465053408525291e+00
1.720465053408525291e+00
8.000000000000000444e-01
4.000000000000000222e-01
0.000000000000000000e+00
