inf
inf
6.457657048003779346e+04
6.457657048003779346e+04
5.413521983758686110e+04
5.359213990866434324e+04
5.805489470959188475e+04
5.160574540374543722e+04
3.201948141209378446e+04
2.969902857817983386e+04
3.465363569540038588e+04
2.234149485139697936e+04
1.461807899481997447e+04
3.058488057329862932e+04
2.109666058201064516e+04
1.260477815323724099e+04
9.418269798732255367e+03
6.440906049566442562e+03
3.222658716082485626e+03
1.857230009260150155e+03
0.000000000000000000e+00
0.000000000000000000e+00
