inf
2.173909066327220103e-03
2.173909066327220103e-03
1.893807602248195280e-03
1.206224493680458157e-03
1.094196568055832378e-03
8.786139018433670057e-04
5.641825058911173951e-04
4.265555079588462207e-04
2.942223944051138365e-04
1.529871298339882234e-04
1.229555810328045293e-04
1.203999779818411915e-04
8.137178722343802514e-05
4.307141936089117497e-05
1.513858868041710932e-05
9.124157200632276629e-06
1.154280488166239847e-05
2.661493445614410695e-06
0.000000000000000000e+00
0.000000000000000000e+00
0.000000000000000000e+00
