inf
6.745400932661627303e+04
6.209147888740866620e+04
5.929332494248467265e+04
5.193555118868417048e+04
4.514063795854792988e+04
3.867664647559425066e+04
3.147896290857515851e+04
2.629682152929742006e+04
2.055552070144113532e+04
1.730784781862276577e+04
1.733336363447865733e+04
1.731435188479065619e+04
1.317395485769423613e+04
9.185746321659444220e+03
4.195521455867320583e+03
1.195380874045621340e+03
0.000000000000000000e+00
0.000000000000000000e+00
0.000000000000000000e+00
0.000000000000000000e+00
0.000000000000000000e+00
