inf
inf
2.275594839342020941e-03
1.516259713926211604e-03
1.400876949311097514e-03
7.296681544610693088e-04
1.383655170571092101e-03
9.451226606399056908e-04
4.995903826873889994e-04
9.644880245751242696e-04
9.865312375040395654e-04
7.220002437109500609e-04
8.378575467616857430e-04
6.277426717962230696e-04
5.166898117378701440e-04
4.789394595152820025e-04
5.000847685344633146e-04
1.295442705298947557e-04
0.000000000000000000e+00
0.000000000000000000e+00
0.000000000000000000e+00
0.000000000000000000e+00
