inf
inf
5.974625285900182770e-03
2.412017764574847251e-03
1.396401799467458836e-03
9.383439238492728100e-04
7.458272691098887918e-04
5.424217257842980748e-04
3.706132620971405375e-04
2.690994456286785095e-04
2.519358075341939255e-04
2.600235665111162438e-04
1.543050042489334879e-04
1.011721461586007385e-04
1.172077561305862894e-04
4.323776208105190239e-05
1.240876195863382285e-05
4.942338955425938199e-06
1.715765417041856096e-06
0.000000000000000000e+00
0.000000000000000000e+00
0.000000000000000000e+00
