nan
nan
1.318411692573247592e+03
3.535633049437482441e+03
3.518794091347073390e+03
4.469385130000031495e+03
5.679329233621132516e+03
5.953226241944802496e+03
6.380928544317368505e+03
9.025509195212736813e+03
9.230148265425807040e+03
9.964412862544391828e+03
8.196960685585705505e+03
6.058452741661071741e+03
2.485173345708665693e+03
5.825447689619540142e+03
3.956549057700414323e+03
1.523398865653313578e+03
1.674567925198190551e+03
7.428920037040599027e+02
0.000000000000000000e+00
0.000000000000000000e+00
