inf
inf
6.481104496951397596e+04
6.027688208376072726e+04
5.498071830810110259e+04
5.455618819480092498e+04
5.072215716995964613e+04
4.742753239877482702e+04
4.302184688974911842e+04
4.150123330463732418e+04
4.690622816720943956e+04
4.003802722701192397e+04
2.948418231887954244e+04
2.822802621871562587e+04
2.210552838817726661e+04
1.948903244219162661e+04
1.354649636029555040e+04
7.936045094667552803e+03
3.377181114663247172e+03
3.714460018520300082e+02
0.000000000000000000e+00
0.000000000000000000e+00
