0.000000000000000000e+00
4.000000000000000777e-01
0.000000000000000000e+00
1.356465996625053849e+00
1.414213562373095145e+00
1.939071942966531736e+00
2.059126028197399982e+00
2.727636339397171206e+00
2.638181191654583646e+00
3.847076812334269125e+00
3.162277660168379523e+00
4.673328578219169138e+00
4.029888335921977038e+00
2.966479394838265282e+00
7.999999999999999334e-01
3.370459909270543175e+00
2.416609194718914555e+00
1.095445115010332149e+00
1.166190378969060193e+00
3.999999999999999667e-01
0.000000000000000000e+00
0.000000000000000000e+00
