0.000000000000000000e+00
2.000000000000000111e-01
1.000000000000000000e+00
2.399999999999999911e+00
4.000000000000000000e+00
4.200000000000000178e+00
5.400000000000000355e+00
6.599999999999999645e+00
8.199999999999999289e+00
9.000000000000000000e+00
7.000000000000000000e+00
9.599999999999999645e+00
1.440000000000000036e+01
1.500000000000000000e+01
1.839999999999999858e+01
1.980000000000000071e+01
2.360000000000000142e+01
2.700000000000000000e+01
2.980000000000000071e+01
3.180000000000000071e+01
3.200000000000000000e+01
3.200000000000000000e+01
