inf
inf
6.114696610571430210e+04
5.365763810583506711e+04
4.842468020886090380e+04
4.153123423155141063e+04
4.153123423155141063e+04
3.137597345615260201e+04
2.902998886686772676e+04
2.699872475443924486e+04
2.699872475443924486e+04
2.699872475443924486e+04
2.457760735445071259e+04
1.679014464611418589e+04
1.143842520751614757e+04
8.518844586444442029e+03
4.224490863675374385e+03
2.457283545290541952e+03
1.350619267192297229e+03
0.000000000000000000e+00
0.000000000000000000e+00
0.000000000000000000e+00
