inf
inf
6.510583222854537598e+04
6.270734948154417361e+04
5.262303323269067187e+04
4.808975324479523260e+04
4.184087706164142583e+04
3.731366390850149037e+04
5.193636295538418926e+04
5.264214968906027207e+04
5.309574473980448965e+04
3.610341708908166038e+04
3.024930996248876181e+04
1.886561476509493878e+04
2.066563668596597563e+04
1.458376367054095317e+04
8.406556153277062549e+03
8.315286557024468493e+03
1.671602209451675890e+03
0.000000000000000000e+00
0.000000000000000000e+00
0.000000000000000000e+00
