inf
inf
6.313660529872686111e-03
2.582295079365489084e-03
1.515021651363632378e-03
1.045657412165201458e-03
1.265629869032402566e-03
1.114057215664055519e-03
8.607646264098998360e-04
7.679544188112869202e-04
7.704142441956935870e-04
7.832804216307534453e-04
6.293067661220078969e-04
6.593402995816943172e-04
6.632021530429627401e-04
5.629332064870450720e-04
4.055299015992019939e-04
4.866415929317999094e-04
1.564328245523604542e-05
0.000000000000000000e+00
0.000000000000000000e+00
0.000000000000000000e+00
