inf
inf
1.275700248768724268e+05
1.019098189722684474e+05
1.019952170291919174e+05
4.161087223908146552e+04
1.883188769785924524e+04
1.717287677642117706e+04
1.546220375536160645e+04
1.554439695103703889e+04
1.079942566145418641e+04
1.030284288181791635e+04
1.034392647833016963e+04
1.036394484608636776e+04
1.322714465173795588e+03
0.000000000000000000e+00
0.000000000000000000e+00
0.000000000000000000e+00
0.000000000000000000e+00
0.000000000000000000e+00
0.000000000000000000e+00
0.000000000000000000e+00
