inf
inf
3.957354884545728931e-03
4.895296444032927984e-03
3.454620073299122240e-03
2.965105666003017490e-03
2.033858883451048361e-03
1.391889521215885876e-03
1.545070259340029870e-03
1.618788561559038764e-03
1.341853668250856182e-03
1.359144481046794910e-03
1.493689997851132753e-03
4.425101753138156735e-04
4.136686660047650746e-04
3.739372787048155953e-04
1.342759778544709234e-04
3.927540540713320345e-05
2.957083387187292887e-05
0.000000000000000000e+00
0.000000000000000000e+00
0.000000000000000000e+00
