inf
6.227457619058102136e+04
5.940555173615301464e+04
5.617115501304723875e+04
5.355847947076023411e+04
5.134553371680727287e+04
4.880067989239232702e+04
3.844227959447005560e+04
3.390967444640294707e+04
3.174580279401172083e+04
2.511012812527479400e+04
2.264650371491622718e+04
2.081380800400072985e+04
1.715178694767151683e+04
1.534022341542625873e+04
1.136620425362941023e+04
7.975898358047413240e+03
5.223750940736886150e+03
1.463758128203066690e+03
0.000000000000000000e+00
0.000000000000000000e+00
0.000000000000000000e+00
