inf
inf
3.731539727497803615e-03
3.253722535503538772e-03
2.536736114393585689e-03
1.875458902242486221e-03
1.770293626196432204e-03
1.710968084877306132e-03
1.563128523248937668e-03
1.212612432347445453e-03
1.262944047200692142e-03
7.875103448078184199e-04
7.132172286155833178e-04
1.185623462427011412e-03
1.184239873750745709e-03
1.316972074908762970e-04
3.248987619955838376e-05
1.403305972653515559e-05
1.006910730852204940e-06
0.000000000000000000e+00
0.000000000000000000e+00
0.000000000000000000e+00
