inf
6.839140502591939003e+04
5.232026441925756808e+04
5.000690879265400145e+04
4.709434390957129654e+04
4.393013137030179496e+04
4.089092810610501328e+04
3.340643887096503022e+04
3.118486674275925543e+04
2.860910457729713380e+04
2.289588986318028037e+04
1.369806211667852767e+04
1.125336707869309794e+04
9.813218125695131675e+03
5.644957968364758926e+03
3.321397342359630329e+03
3.325661796150069222e+03
1.232252818267495286e+03
0.000000000000000000e+00
0.000000000000000000e+00
0.000000000000000000e+00
0.000000000000000000e+00
