inf
inf
6.581508665212584310e+04
6.581508665212584310e+04
6.581508665212584310e+04
5.705183818591423187e+04
5.075653387361802743e+04
4.353476780968977255e+04
3.860493207518923009e+04
2.361739265243987757e+04
1.971042624681980305e+04
1.772623812828009613e+04
1.312816191623445229e+04
9.884999435744181028e+03
8.269396053503489384e+03
5.252976451875382736e+03
3.019896670551697753e+03
6.705757145828723651e+02
0.000000000000000000e+00
0.000000000000000000e+00
0.000000000000000000e+00
0.000000000000000000e+00
