inf
6.568665832132934884e+04
6.259140956588213885e+04
5.948639788088161731e+04
5.658632996318704681e+04
5.430015105888652033e+04
5.317022656806120358e+04
6.145402923094815196e+04
5.460204442618152825e+04
4.662776344340774813e+04
4.747910373265778617e+04
3.660201051880875457e+04
3.762337559878976026e+04
2.640955979250239034e+04
2.304487535364555151e+04
1.785572952812573931e+04
1.414463809204526842e+04
7.040968644248691817e+03
3.623794159336694065e+03
0.000000000000000000e+00
0.000000000000000000e+00
0.000000000000000000e+00
