inf
inf
6.005371975106207384e-03
4.670316311970981044e-03
1.857503333238170497e-03
1.684412081148345570e-03
1.453805811540887947e-03
6.389026140823080534e-03
6.573557011034052849e-03
2.855568839951075875e-03
6.908617837299103892e-03
3.761665845022820354e-03
3.284062861422803667e-03
1.195920459634908966e-03
2.075958012202743733e-03
8.595079118515125058e-04
3.961376849389761610e-04
2.159722630570467858e-05
0.000000000000000000e+00
0.000000000000000000e+00
0.000000000000000000e+00
0.000000000000000000e+00
