inf
inf
6.109520411495404819e-03
4.706111016663629479e-03
2.176319882771557586e-03
1.191138719531138019e-03
1.427562961299998429e-03
1.683911098715968301e-03
1.093746662229405902e-03
1.229064753228403025e-03
8.841113555873910540e-04
8.844234701182671901e-04
7.723538669527082274e-04
6.691236052095030475e-04
6.756187261810751334e-04
3.025833731518203559e-04
2.937686685233923214e-04
2.972289273391672828e-04
0.000000000000000000e+00
0.000000000000000000e+00
0.000000000000000000e+00
0.000000000000000000e+00
