inf
inf
2.880962886025610886e-03
1.563719126917354754e-03
1.296676805483977990e-03
5.994189077311164009e-04
4.343131334625474106e-04
3.202003193844338074e-04
3.189319192473884950e-04
2.086873566492455803e-04
2.978112745400258977e-04
2.850770269775867310e-04
8.363797655073890007e-05
2.795898932409243852e-05
2.036915490823088006e-05
2.189080754240924328e-05
8.041976726692116444e-06
3.058119719847613645e-06
0.000000000000000000e+00
0.000000000000000000e+00
0.000000000000000000e+00
0.000000000000000000e+00
