0.000000000000000000e+00
4.000000000000000222e-01
8.000000000000000444e-01
1.399999999999999911e+00
1.800000000000000044e+00
3.600000000000000089e+00
6.200000000000000178e+00
7.400000000000000355e+00
9.400000000000000355e+00
9.599999999999999645e+00
1.100000000000000000e+01
1.280000000000000071e+01
1.580000000000000071e+01
2.019999999999999929e+01
2.600000000000000000e+01
2.860000000000000142e+01
2.980000000000000071e+01
3.000000000000000000e+01
3.000000000000000000e+01
3.000000000000000000e+01
3.000000000000000000e+01
3.000000000000000000e+01
