0.000000000000000000e+00
8.000000000000000444e-01
1.166190378969060193e+00
1.199999999999999956e+00
1.599999999999999867e+00
2.332380757938120386e+00
3.059411708155670873e+00
3.440930106817050582e+00
2.416609194718914555e+00
2.059126028197399982e+00
8.944271909999158554e-01
1.939071942966531736e+00
2.315167380558045274e+00
2.925747767665558552e+00
2.280350850198276103e+00
1.743559577416269324e+00
3.999999999999999667e-01
0.000000000000000000e+00
0.000000000000000000e+00
0.000000000000000000e+00
0.000000000000000000e+00
0.000000000000000000e+00
