inf
inf
2.964233132731061964e-03
2.641167787140798109e-03
1.770248686502783964e-03
1.220763470631359114e-03
2.319554681255588981e-03
2.710538507324230552e-03
2.701593075486763505e-03
2.838203082929409947e-03
1.488647251153643082e-03
6.321715794787495469e-04
1.842930897152552554e-03
1.269222140649873230e-03
4.364630083937840930e-04
2.037009898806403923e-04
5.247358398020436713e-05
4.748763231611827619e-05
9.538561369653340632e-06
0.000000000000000000e+00
0.000000000000000000e+00
0.000000000000000000e+00
