inf
inf
4.053057108759644186e-03
3.562607649544147388e-03
3.288191778274705303e-03
2.457653686535369968e-03
4.321009059585287880e-03
5.216389779272073181e-03
6.021233696415872853e-03
2.515358981046776458e-03
2.048295159027917894e-03
1.893219681502278460e-03
3.485256034766231938e-03
9.981975906551896188e-04
8.615552066750935571e-04
4.497085589372693502e-04
4.326998476141043237e-04
1.366030717521350289e-05
3.584375389699921959e-04
0.000000000000000000e+00
0.000000000000000000e+00
0.000000000000000000e+00
