inf
2.295774829641130960e-03
2.295774829641130960e-03
2.021101480373542134e-03
1.321889396558099212e-03
1.229156409488808442e-03
1.172372381489462066e-03
9.910019924238486471e-04
7.961677212896703208e-04
6.666245957294478610e-04
6.399169912583147195e-04
6.254342727089674033e-04
5.058522580612043445e-04
2.260688844842809598e-04
2.154443375726504081e-04
1.802207038583255520e-04
1.522160433867299938e-04
1.323534355317137431e-05
1.323572103793295612e-05
0.000000000000000000e+00
0.000000000000000000e+00
0.000000000000000000e+00
