inf
inf
3.180280821958402122e-03
1.978985643336335972e-03
1.494530829762583720e-03
1.215100293134945778e-03
1.236214908536996306e-03
1.014519267541126807e-03
8.502999324345231463e-04
8.133431486363692803e-04
8.879504837712411461e-04
8.007964851994562368e-04
7.102455119612870313e-04
6.114318764429282774e-04
5.669947980371716368e-04
5.049432355876041058e-04
4.203709197832996430e-04
3.219346318465668867e-04
8.257010926025178316e-05
0.000000000000000000e+00
0.000000000000000000e+00
0.000000000000000000e+00
