nan
nan
1.610399586475491206e-03
3.803204778661991030e-04
6.050119176987892727e-04
5.054373201842731573e-04
2.102267164873733267e-04
1.779673564885192721e-04
1.947009536111287721e-04
1.098359407839862581e-04
9.822878834844844733e-05
6.339273636591520307e-05
7.494150388808230065e-05
1.108773542840153217e-04
6.528065466379111216e-05
3.537083059913018044e-05
7.243487888554336776e-05
1.618031640143348241e-04
1.024147094581363213e-04
0.000000000000000000e+00
0.000000000000000000e+00
0.000000000000000000e+00
