0.000000000000000000e+00
4.898979485566356540e-01
0.000000000000000000e+00
3.999999999999999667e-01
2.576819745345025225e+00
1.356465996625053627e+00
2.800000000000000711e+00
2.135415650406262245e+00
2.315167380558045274e+00
2.449489742783177881e+00
1.356465996625053627e+00
1.166190378969059971e+00
1.599999999999999867e+00
2.653299832284319759e+00
2.653299832284319759e+00
1.854723699099140921e+00
1.939071942966531514e+00
2.653299832284319759e+00
7.483314773547883325e-01
0.000000000000000000e+00
0.000000000000000000e+00
0.000000000000000000e+00
