0.000000000000000000e+00
4.000000000000000222e-01
1.000000000000000000e+00
2.200000000000000178e+00
4.599999999999999645e+00
5.400000000000000355e+00
5.400000000000000355e+00
6.799999999999999822e+00
7.799999999999999822e+00
1.000000000000000000e+01
8.400000000000000355e+00
9.800000000000000711e+00
1.280000000000000071e+01
1.540000000000000036e+01
1.860000000000000142e+01
2.260000000000000142e+01
2.419999999999999929e+01
2.739999999999999858e+01
3.119999999999999929e+01
3.200000000000000000e+01
3.200000000000000000e+01
3.200000000000000000e+01
