inf
inf
2.898712441632974451e-03
1.518084989388182550e-03
9.095528250922312952e-04
7.324516198534940107e-04
5.651707866718389288e-04
5.126370369434971215e-04
4.698679312629363463e-04
3.258854272242240843e-04
2.939275214003779307e-04
1.017508705176610684e-04
5.675605449169866628e-05
5.249688962012896720e-05
1.173781319139723196e-05
6.361670382196934245e-06
3.758483649890184589e-06
6.956063628997615471e-07
0.000000000000000000e+00
0.000000000000000000e+00
0.000000000000000000e+00
0.000000000000000000e+00
