inf
6.234600251611291606e+04
5.764620631717090146e+04
5.764620631717090146e+04
5.764620631717090146e+04
5.764620631717090146e+04
1.819069535453452772e+04
1.687983202817118945e+04
1.687983202817118945e+04
1.687983202817118945e+04
1.687983202817118945e+04
1.687983202817118945e+04
1.009422317351197307e+04
5.396284339886626640e+02
2.439133775287332639e+01
3.234470707858414951e+00
0.000000000000000000e+00
0.000000000000000000e+00
0.000000000000000000e+00
0.000000000000000000e+00
0.000000000000000000e+00
0.000000000000000000e+00
