inf
inf
3.017328235793279977e-03
1.519078680440824440e-03
9.776426345252495383e-04
7.298380777337606321e-04
6.368845089683298263e-04
4.371489499372258275e-04
3.654755030755482128e-04
3.517144295306636826e-04
3.028675462696382606e-04
2.847269352444505258e-04
2.612342831547345766e-04
2.098932991426009399e-04
1.725311106879731562e-04
3.688322635815915795e-05
2.804141764904730225e-05
2.029418816869193093e-05
0.000000000000000000e+00
0.000000000000000000e+00
0.000000000000000000e+00
0.000000000000000000e+00
