inf
inf
6.312932490265012013e-03
2.341531691202215684e-03
1.518303130148094702e-03
1.490605823227847534e-03
1.313140110266345717e-03
7.285754696426049396e-04
5.264613434101567428e-04
3.738024697090567075e-04
3.431402129729010583e-04
2.901404002386742177e-04
2.615695546738906014e-04
2.514892909828714013e-04
2.180339887887477296e-04
5.180733647124235493e-05
4.350947793364093227e-05
3.769387227061430604e-05
3.545646897955992638e-05
0.000000000000000000e+00
0.000000000000000000e+00
0.000000000000000000e+00
