inf
inf
6.929814630585187115e+04
6.357156994281044172e+04
5.205128123154890636e+04
5.091577931220442406e+04
4.888903506949151779e+04
4.423215831957880437e+04
5.417022299543289409e+04
4.265623283986060414e+04
4.565704974765080988e+04
3.735935123276406375e+04
3.255147680337533893e+04
2.841742947297272622e+04
2.500847305677039913e+04
2.008205294056188723e+04
1.516594594243109896e+04
9.682501833455784436e+03
4.627029118821341399e+03
0.000000000000000000e+00
0.000000000000000000e+00
0.000000000000000000e+00
