inf
inf
2.992573551283216667e-03
2.992573551283216667e-03
2.552016973417124517e-03
5.563842537287909742e-03
8.351900452762317864e-03
8.773737593012536848e-03
7.705141935578932455e-03
6.435955418897485424e-03
6.315263729037258293e-03
4.780818715574164206e-03
4.872593136003648922e-04
2.819785107895520426e-04
2.648501485090438892e-04
3.310179627730576945e-04
3.862501731730426748e-04
1.936348625488868173e-04
3.356422441933023886e-05
1.933390167104871065e-05
3.018536061151656836e-06
0.000000000000000000e+00
