inf
6.568665832132934884e+04
6.258529122258412826e+04
5.946437689905136358e+04
5.947352700215466029e+04
5.697269583143990167e+04
4.635502657142590033e+04
4.147978864246119338e+04
3.607580000892005773e+04
3.366292354219689150e+04
3.143923692435313933e+04
2.691748983091956325e+04
2.336300280353988273e+04
2.103390112839226640e+04
1.517191850313539908e+04
9.900238576593901598e+03
7.293216819058142391e+03
5.723848759381052332e+03
2.759907693141927211e+03
0.000000000000000000e+00
0.000000000000000000e+00
0.000000000000000000e+00
