inf
inf
4.148876544390789518e-03
3.395112682170537549e-03
7.418309721158118999e-03
6.297071874271815972e-03
5.574817692315056118e-03
6.578215775983552692e-03
5.957031424173758402e-03
4.562514983782567715e-03
2.986548124158662845e-03
2.494228375616323445e-03
4.966006210376653837e-03
1.908220472140595252e-03
8.699470758970678569e-04
6.601811458981152311e-04
4.720809258648775431e-04
3.124076353210401944e-04
4.163462948572003433e-04
4.148872797599283450e-05
9.102881456878706245e-06
0.000000000000000000e+00
