inf
6.301892537448045914e+04
5.918134029456691496e+04
5.595948129699608398e+04
4.781824567330226273e+04
4.493809075310590561e+04
3.562901154820888041e+04
4.095974183584249840e+04
3.422129049558981205e+04
4.540630190111330739e+04
3.671554192077702464e+04
2.755086200476567319e+04
2.005211591069115093e+04
2.138149761663812023e+04
1.449599762210398512e+04
6.448462108712870759e+03
5.001291720797923517e+03
1.571523767711983965e+03
0.000000000000000000e+00
0.000000000000000000e+00
0.000000000000000000e+00
0.000000000000000000e+00
