inf
6.745169321472069714e+04
6.327483613972537569e+04
5.620978882811991934e+04
5.211665556063739496e+04
4.735238308566618798e+04
4.762707490139163565e+04
3.856495427642964933e+04
4.058785786133232614e+04
2.445066145498875994e+04
1.732195442660323533e+04
2.620113320361626756e+04
3.210250126300858028e+04
2.250614585330948466e+04
1.572259883586162505e+04
1.921730086497043158e+04
4.890424377927964088e+03
0.000000000000000000e+00
0.000000000000000000e+00
0.000000000000000000e+00
0.000000000000000000e+00
0.000000000000000000e+00
