inf
6.268065069659760775e+04
5.940718188935814396e+04
5.073434419421648636e+04
4.773688431315048365e+04
4.515129616676754813e+04
4.515129616676754813e+04
4.166896440266279387e+04
3.733064677493232011e+04
2.834676866456870630e+04
2.175614806210204915e+04
1.985818961404675792e+04
1.985818961404675792e+04
1.985818961404675792e+04
1.424414809492248241e+04
1.234535958142037998e+04
6.952369059463169833e+03
6.952369059463169833e+03
4.215802292211357781e+03
0.000000000000000000e+00
0.000000000000000000e+00
0.000000000000000000e+00
