inf
inf
6.680769625729936524e+04
5.562065575016702496e+04
5.239392163873933168e+04
4.570886591412186681e+04
4.235399867934225040e+04
3.500079367679810821e+04
3.261832899103531236e+04
3.010010916301138423e+04
2.385962713813031587e+04
2.159900051476834778e+04
1.480047651037501782e+04
1.148367964076515273e+04
1.039516290785847559e+04
7.547971128792914897e+03
6.566057860221205374e+03
1.654055562574301121e+03
7.531418991760865538e+02
0.000000000000000000e+00
0.000000000000000000e+00
0.000000000000000000e+00
