inf
inf
6.469251512731352705e+04
6.102997964961751859e+04
5.754448416022046877e+04
5.189668557827157929e+04
4.884954415626753325e+04
4.639961024714199448e+04
4.169910221138174529e+04
3.728141409954803385e+04
3.316014945577998151e+04
2.885180588536730284e+04
2.497469998183572170e+04
1.972157874459808227e+04
1.753081227453298925e+04
1.445901049449972743e+04
9.211065542648140763e+03
6.169895093009239645e+03
2.787967568935114286e+03
0.000000000000000000e+00
0.000000000000000000e+00
0.000000000000000000e+00
