inf
8.052669489876624721e+04
7.356630153856774268e+04
7.002662756920339598e+04
6.994788918631689739e+04
6.749499770197221369e+04
2.842668379188995459e+04
3.152572184783477496e+04
2.563574259229080417e+04
2.542911945644355364e+04
2.538534718363706634e+04
1.862329500752221065e+04
1.508577831568387774e+04
7.423613850449815800e+03
4.651608344598378608e+03
1.153877444527940042e+03
0.000000000000000000e+00
0.000000000000000000e+00
0.000000000000000000e+00
0.000000000000000000e+00
0.000000000000000000e+00
0.000000000000000000e+00
