0.000000000000000000e+00
8.000000000000000444e-01
1.939071942966531514e+00
2.227105745132008874e+00
2.712931993250107698e+00
1.356465996625053627e+00
2.059126028197399982e+00
4.317406628984580941e+00
5.388877434122991694e+00
5.607138307550473932e+00
5.946427498927402411e+00
2.059126028197399982e+00
3.310589071449369758e+00
4.354308211415448326e+00
4.749736834815166731e+00
3.098386676965933617e+00
7.999999999999999334e-01
0.000000000000000000e+00
0.000000000000000000e+00
0.000000000000000000e+00
0.000000000000000000e+00
0.000000000000000000e+00
