0.000000000000000000e+00
4.000000000000000222e-01
1.199999999999999956e+00
2.200000000000000178e+00
3.200000000000000178e+00
2.600000000000000089e+00
5.400000000000000355e+00
8.400000000000000355e+00
1.040000000000000036e+01
1.159999999999999964e+01
1.180000000000000071e+01
9.599999999999999645e+00
1.319999999999999929e+01
1.880000000000000071e+01
2.419999999999999929e+01
2.800000000000000000e+01
2.960000000000000142e+01
3.000000000000000000e+01
3.000000000000000000e+01
3.000000000000000000e+01
3.000000000000000000e+01
3.000000000000000000e+01
