inf
inf
4.053647395784745755e-03
3.540285995302914525e-03
2.978588327424344911e-03
2.673046035808654755e-03
2.760664410098155434e-03
2.562642585467611415e-03
2.501960759896007351e-03
2.428826704670378721e-03
2.340584513079176955e-03
1.143173248076764141e-03
4.926874831778101614e-04
4.358311881560851899e-04
2.203498065098240949e-04
5.576724964745621415e-05
2.643764153579857964e-05
5.129443171378015108e-06
2.455155038810219594e-06
0.000000000000000000e+00
0.000000000000000000e+00
0.000000000000000000e+00
