inf
inf
6.277455126871528773e+04
5.874778313859171612e+04
5.573105944156361511e+04
6.198155001512332819e+04
4.823542547975285561e+04
5.395798268551853107e+04
4.268276975581483566e+04
4.836918483918886341e+04
3.854738135047529067e+04
4.856999063349943026e+04
2.853698582250663458e+04
2.447887707189091452e+04
1.916652787024053760e+04
1.753709131285615513e+04
1.469510778451009355e+04
7.757432043020151468e+03
4.650168064653918918e+03
0.000000000000000000e+00
0.000000000000000000e+00
0.000000000000000000e+00
