inf
inf
6.144987224968124792e+04
5.876366323611582629e+04
5.583861500493684434e+04
4.908033162297128729e+04
4.278445452979012043e+04
3.153905646103154504e+04
2.939754911297166473e+04
2.594172460041184240e+04
2.436398876189643852e+04
2.023462295603529856e+04
2.019329684691622606e+04
1.715248716017842889e+04
1.084400683042384662e+04
7.634142459644258452e+03
6.176020688349047305e+03
4.375901567795053779e+03
3.362073827722927490e+03
0.000000000000000000e+00
0.000000000000000000e+00
0.000000000000000000e+00
