0.000000000000000000e+00
4.000000000000000222e-01
1.000000000000000000e+00
2.200000000000000178e+00
3.600000000000000089e+00
5.000000000000000000e+00
6.000000000000000000e+00
5.200000000000000178e+00
6.799999999999999822e+00
5.200000000000000178e+00
8.199999999999999289e+00
1.159999999999999964e+01
1.559999999999999964e+01
1.760000000000000142e+01
1.980000000000000071e+01
2.380000000000000071e+01
2.580000000000000071e+01
2.900000000000000000e+01
3.080000000000000071e+01
3.180000000000000071e+01
3.200000000000000000e+01
3.200000000000000000e+01
