0.000000000000000000e+00
4.898979485566356540e-01
8.944271909999158554e-01
7.483314773547882215e-01
1.356465996625053849e+00
1.673320053068151125e+00
2.607680962081059484e+00
2.481934729198171485e+00
3.187475490101845388e+00
1.939071942966531736e+00
1.939071942966531736e+00
2.244994432064364887e+00
3.072458299147443395e+00
2.727636339397171206e+00
1.939071942966531514e+00
2.315167380558044830e+00
2.481934729198171485e+00
1.264911064067351765e+00
1.166190378969059971e+00
3.999999999999999667e-01
0.000000000000000000e+00
0.000000000000000000e+00
