inf inf inf inf
inf inf inf inf
6.381147645154970627e-02 6.015183088472553924e-02 5.987922448187055907e-02 7.234597619251169343e-02
4.297059893116996626e-02 3.996504997990719954e-02 3.973822282898617497e-02 4.592301404062815867e-02
2.594531503579187645e-02 2.330616791652576417e-02 2.320819417244055979e-02 2.651108692260948155e-02
2.206761039796790308e-02 1.895057342142626375e-02 1.878535477847846982e-02 2.255956762442365079e-02
1.765515130791522891e-02 1.396317835037686264e-02 1.385420808616148573e-02 1.852277640819344207e-02
1.434227633379468042e-02 1.094578856900516386e-02 1.080917833438041487e-02 1.528524884159216876e-02
1.013654026700862298e-02 7.423203562860046512e-03 7.321950372633343265e-03 1.068597546922302362e-02
7.758875296081435557e-03 5.394632660846589156e-03 5.308870540268972177e-03 8.300967309231287519e-03
5.703481697531033630e-03 3.311184776083721595e-03 3.264923620148101578e-03 6.077792700102948101e-03
3.533771921163849847e-03 1.937042123087877495e-03 1.928349677186792094e-03 3.858559846689741009e-03
1.541917565603649924e-03 5.671043213404630516e-04 5.562741569392566686e-04 1.908151335564026944e-03
1.021130342912535257e-03 3.496167056543474766e-04 3.378876823061556793e-04 1.242483051832000886e-03
7.910672419915527800e-04 2.383218425056631592e-04 2.321269015747723374e-04 9.782588350992489461e-04
1.154675072963917134e-04 4.756615007033762469e-05 4.517598791656737969e-05 1.433800261497437739e-04
4.065563880240947769e-05 1.530332246619260899e-05 1.470487262130728674e-05 4.885220824973201962e-05
0.000000000000000000e+00 0.000000000000000000e+00 0.000000000000000000e+00 0.000000000000000000e+00
0.000000000000000000e+00 0.000000000000000000e+00 0.000000000000000000e+00 0.000000000000000000e+00
0.000000000000000000e+00 0.000000000000000000e+00 0.000000000000000000e+00 0.000000000000000000e+00
