inf
inf
7.009727466055937111e+04
7.009727466055937111e+04
6.618370790558800218e+04
5.808050336992152006e+04
5.366582552717741055e+04
3.450415244011138566e+04
3.258190798879724753e+04
3.218415071951048594e+04
4.065538497660659050e+04
2.544698203001776346e+04
3.502678302394032653e+04
2.764246384151080201e+04
1.873968115273039075e+04
8.160267273298491091e+03
3.050032323507200090e+03
1.521114205421167298e+03
0.000000000000000000e+00
0.000000000000000000e+00
0.000000000000000000e+00
0.000000000000000000e+00
