0.000000000000000000e+00
0.000000000000000000e+00
8.000000000000000444e-01
7.483314773547882215e-01
1.264911064067351765e+00
2.059126028197399982e+00
1.720465053408525291e+00
1.496662954709576443e+00
2.481934729198171041e+00
2.712931993250107254e+00
2.481934729198171485e+00
1.264911064067351765e+00
2.190890230020664298e+00
2.712931993250107254e+00
1.469693845669906684e+00
2.785677655436824107e+00
1.019803902718557032e+00
2.870540018881464484e+00
2.481934729198171041e+00
1.264911064067351765e+00
4.000000000000000222e-01
0.000000000000000000e+00
