nan
nan
1.366556544332480890e-03
4.668172822105926358e-04
2.710208796256719605e-04
1.989435698719859542e-04
1.546160525410555432e-04
8.945476575537963915e-05
5.368129875745008379e-05
4.121240749459471940e-05
5.358336014294719435e-05
7.673178588221841307e-05
3.491992813472372169e-05
2.498020586308353938e-05
3.743732581713025482e-05
1.233263969360108018e-05
2.994835208024039142e-06
3.756718177934124600e-06
1.027937048925053857e-06
0.000000000000000000e+00
0.000000000000000000e+00
0.000000000000000000e+00
