inf
inf
3.293421661544517019e-03
1.676654214276973630e-03
1.093825140286458757e-03
7.890622679216795134e-04
6.409650822412649726e-04
4.960875719894209789e-04
3.880207556697135864e-04
2.818979756396357327e-04
2.551981731234180995e-04
2.051739376883757941e-04
9.806925275957856583e-05
6.668481477282535354e-05
4.569455869103787734e-05
2.070197795771094412e-05
7.759039631970880214e-06
4.536812233731964506e-06
1.142259133000275223e-06
0.000000000000000000e+00
0.000000000000000000e+00
0.000000000000000000e+00
