0.000000000000000000e+00
4.000000000000000222e-01
1.199999999999999956e+00
3.200000000000000178e+00
5.400000000000000355e+00
6.799999999999999822e+00
8.199999999999999289e+00
1.059999999999999964e+01
1.159999999999999964e+01
1.419999999999999929e+01
1.359999999999999964e+01
1.419999999999999929e+01
1.800000000000000000e+01
1.880000000000000071e+01
2.119999999999999929e+01
2.400000000000000000e+01
2.780000000000000071e+01
2.919999999999999929e+01
3.119999999999999929e+01
3.200000000000000000e+01
3.200000000000000000e+01
3.200000000000000000e+01
