0.000000000000000000e+00
4.898979485566356540e-01
4.000000000000000777e-01
1.939071942966531514e+00
2.497999199359359324e+00
2.227105745132008874e+00
2.039607805437114063e+00
1.356465996625053627e+00
2.059126028197399982e+00
2.227105745132008430e+00
1.019803902718556810e+00
2.712931993250107254e+00
2.449489742783177881e+00
2.227105745132008430e+00
3.709447398198281398e+00
2.366431913239846363e+00
1.469693845669906906e+00
1.166190378969059971e+00
7.483314773547883325e-01
0.000000000000000000e+00
0.000000000000000000e+00
0.000000000000000000e+00
