inf
5.998112168481360277e+04
5.551642420892908558e+04
5.006339298796356888e+04
4.711432765573190409e+04
3.689491038382705301e+04
3.258525742241935950e+04
2.564299435603402526e+04
2.185977075121383677e+04
1.651044552776313867e+04
1.787974794177236254e+04
1.298238027098540624e+04
1.048655369170917947e+04
7.808678324998611970e+03
6.140561539523248030e+03
4.864661949187336177e+03
3.903105782582132179e+03
5.845494204358482193e+02
0.000000000000000000e+00
0.000000000000000000e+00
0.000000000000000000e+00
0.000000000000000000e+00
