inf
inf
5.945672955329083925e+04
5.508948320422778488e+04
5.206103260589776619e+04
4.414410456730269652e+04
3.969433095283149305e+04
3.836921522666960664e+04
3.259998633804094061e+04
2.466178766949796045e+04
3.045989540733268223e+04
2.627270971411352366e+04
2.214485364523027602e+04
1.860287239123018662e+04
1.183901155705010206e+04
1.022073123985047641e+04
4.359195862742461031e+03
2.568651259911448506e+03
8.671830030161030436e+02
0.000000000000000000e+00
0.000000000000000000e+00
0.000000000000000000e+00
