inf
inf
6.372329201182334509e+04
5.939422753973590443e+04
6.099034174229269411e+04
4.726719561480390985e+04
5.241396739583257295e+04
5.273832480253597896e+04
4.609472669157445489e+04
6.022425113428002078e+04
4.751592764805150364e+04
3.484187924204906449e+04
2.326019933185915943e+04
1.653275956859328289e+04
2.184868610795731365e+04
1.286911994420631163e+04
9.805043118504665472e+03
6.497754546692985059e+03
1.632742546293937494e+03
0.000000000000000000e+00
0.000000000000000000e+00
0.000000000000000000e+00
