inf
inf
6.457657048003778618e+04
6.457657048003778618e+04
5.413053304475763434e+04
4.550659204632453475e+04
4.239097459222522593e+04
3.570415642593455414e+04
3.276916834475929500e+04
2.885096829509039162e+04
2.163276744998999129e+04
1.801038561935709731e+04
1.463578235415077324e+04
1.463765655005662848e+04
1.150162537638996946e+04
9.736306369399766481e+03
9.738001833545786212e+03
6.576180599781682758e+03
1.337942000424512116e+03
1.335984988918662566e+03
0.000000000000000000e+00
0.000000000000000000e+00
