nan
nan
7.071534899663774013e+03
6.683177537132667567e+03
5.901664730619279908e+03
5.118538666002398713e+03
5.139426812752157275e+03
6.076878403267469366e+03
4.877133970126626082e+03
5.254962087097419499e+03
4.548949437043843318e+03
5.207283968886066759e+03
3.989864738884431063e+03
3.481145071181978437e+03
3.260300619873101823e+03
3.053862764278789200e+03
2.032833783833855932e+03
1.769227166331168974e+03
1.548156122572690492e+03
0.000000000000000000e+00
0.000000000000000000e+00
0.000000000000000000e+00
