inf
inf
6.496731063495596027e+04
6.006080267652071780e+04
5.383240221405470220e+04
4.916918006398520083e+04
4.508164869473480212e+04
3.935769125032464217e+04
3.432886776817718055e+04
2.993971273689508598e+04
2.502490765171289240e+04
2.106552841529606303e+04
1.788578250601927357e+04
1.417975416741919798e+04
1.059366309028053729e+04
7.294976136304340798e+03
4.261795859362003284e+03
2.519186494781567944e+03
1.012905833844653898e+03
0.000000000000000000e+00
0.000000000000000000e+00
0.000000000000000000e+00
