0.000000000000000000e+00
4.000000000000000222e-01
1.800000000000000044e+00
3.000000000000000000e+00
4.599999999999999645e+00
6.200000000000000178e+00
7.400000000000000355e+00
9.599999999999999645e+00
1.180000000000000071e+01
1.380000000000000071e+01
1.619999999999999929e+01
1.839999999999999858e+01
2.019999999999999929e+01
2.239999999999999858e+01
2.460000000000000142e+01
2.680000000000000071e+01
2.880000000000000071e+01
3.019999999999999929e+01
3.119999999999999929e+01
3.200000000000000000e+01
3.200000000000000000e+01
3.200000000000000000e+01
