0.000000000000000000e+00
4.898979485566356540e-01
1.166190378969060193e+00
1.414213562373095145e+00
1.356465996625053627e+00
1.326649916142160102e+00
1.624807680927192077e+00
2.154065922853801496e+00
2.227105745132008430e+00
2.712931993250107254e+00
2.561249694973139590e+00
2.497999199359359324e+00
1.939071942966531736e+00
2.059126028197399982e+00
2.154065922853801940e+00
2.039607805437114063e+00
1.326649916142159880e+00
1.166190378969060193e+00
1.166190378969060193e+00
0.000000000000000000e+00
0.000000000000000000e+00
0.000000000000000000e+00
