inf
3.076072473995060223e-03
2.698289610122161543e-03
1.295417676817216734e-03
8.987600501562970513e-04
8.041727475261889772e-04
8.030221174410302320e-04
7.551054706204523865e-04
7.200613863581825647e-04
6.125381254405838465e-04
5.942170748808326200e-04
4.765383297203266543e-04
4.432857426281472044e-04
1.093773273477500823e-04
5.280889329654704395e-05
3.020174469953777155e-05
2.194317905982458126e-05
1.498249891792765895e-05
1.209986339362195306e-05
0.000000000000000000e+00
0.000000000000000000e+00
0.000000000000000000e+00
