inf
inf
3.075916681525701912e-03
2.139476274100581173e-03
1.047360910648366611e-03
9.397754743120424487e-04
1.271049612998573350e-03
8.323145738000339768e-04
1.088282248869812223e-03
9.122368020019996134e-04
9.941415297921147275e-04
9.161950004410741172e-04
6.687032382553829632e-04
7.496683945300443687e-04
6.281016721329966621e-04
4.943841499653371880e-04
2.884263872033624647e-04
1.206032232349242496e-04
0.000000000000000000e+00
0.000000000000000000e+00
0.000000000000000000e+00
0.000000000000000000e+00
