0.000000000000000000e+00
4.000000000000000222e-01
1.199999999999999956e+00
2.600000000000000089e+00
3.200000000000000178e+00
4.799999999999999822e+00
7.799999999999999822e+00
1.080000000000000071e+01
1.259999999999999964e+01
1.500000000000000000e+01
1.680000000000000071e+01
1.919999999999999929e+01
2.060000000000000142e+01
2.239999999999999858e+01
2.560000000000000142e+01
2.860000000000000142e+01
2.980000000000000071e+01
3.000000000000000000e+01
3.000000000000000000e+01
3.000000000000000000e+01
3.000000000000000000e+01
3.000000000000000000e+01
