0.000000000000000000e+00
8.000000000000000444e-01
1.939071942966531514e+00
2.497999199359359324e+00
2.712931993250107698e+00
2.481934729198171485e+00
3.059411708155670873e+00
3.969886648255841699e+00
5.425863986500215397e+00
3.794733192202055072e+00
2.712931993250107254e+00
2.712931993250107254e+00
2.416609194718914555e+00
1.356465996625053849e+00
1.624807680927192077e+00
1.959591794226542394e+00
3.999999999999999667e-01
0.000000000000000000e+00
0.000000000000000000e+00
0.000000000000000000e+00
0.000000000000000000e+00
0.000000000000000000e+00
