inf
inf
5.719517239844828873e+04
5.402736457699639868e+04
5.161271576570673642e+04
4.835593818066986569e+04
3.728230891862393037e+04
3.315749415830460202e+04
3.114463115087053666e+04
2.536828512069589124e+04
2.359269736976388958e+04
2.166867460126316291e+04
1.447303195870513446e+04
1.287160226329405305e+04
1.287160226329405305e+04
7.882353503596224982e+03
4.419761344586991981e+03
4.419761344586991981e+03
1.250702376999756325e+03
0.000000000000000000e+00
0.000000000000000000e+00
0.000000000000000000e+00
