inf
inf
1.275700248768724123e+05
1.085183147749537311e+05
1.019358168852587260e+05
2.157329212600701067e+04
3.887722582740188227e+04
1.710361431735205406e+04
2.644420019517997571e+04
1.538078397738118110e+04
1.187117019232297571e+04
8.321543272746999719e+03
5.131825620027120749e+03
2.603055933537184956e+03
1.039497718752543051e+03
0.000000000000000000e+00
0.000000000000000000e+00
0.000000000000000000e+00
0.000000000000000000e+00
0.000000000000000000e+00
0.000000000000000000e+00
0.000000000000000000e+00
