inf
inf
7.082688369457998488e+04
6.409589258521077136e+04
5.296398681078640948e+04
4.910283380964381649e+04
4.758157531866640784e+04
4.451601600024721120e+04
4.886305107110871177e+04
3.675732527401787229e+04
3.543585919715912314e+04
3.673037267646116379e+04
3.377313381886046409e+04
2.638122217359852584e+04
1.952372487902337525e+04
1.778222094145446317e+04
1.273656822622169784e+04
9.978090232831080357e+03
2.031242361854915771e+03
0.000000000000000000e+00
0.000000000000000000e+00
0.000000000000000000e+00
