nan
nan
1.307041515571663695e+03
3.161807503730154622e+03
2.719557357679013421e+03
3.019981611311474808e+03
3.171911298354522842e+03
5.059764748912565665e+03
4.236897853330456201e+03
3.801202061008296823e+03
3.849467834880082592e+03
3.726571585567849525e+03
3.363272603025587614e+03
1.760326641534326427e+03
2.343364852817537667e+03
2.454229257802830944e+03
1.921411212224051269e+03
1.201055113346527150e+03
6.721146711970299066e+02
5.343939955674650264e+02
0.000000000000000000e+00
0.000000000000000000e+00
