inf
inf
6.390971635449347377e+04
5.946434421576231398e+04
5.422689970761537552e+04
4.700464016659503977e+04
4.295078495288104750e+04
3.739094849797706411e+04
3.441707331832860655e+04
3.012229415419886209e+04
2.632986164917497081e+04
2.234587926132576831e+04
2.052097009819452433e+04
1.768126644945326552e+04
1.323459983213383566e+04
1.038767195498646834e+04
8.103114012382240617e+03
5.596831294280568727e+03
2.454645923430047787e+03
2.671969977837325132e+02
0.000000000000000000e+00
0.000000000000000000e+00
