0.000000000000000000e+00
2.000000000000000111e-01
1.199999999999999956e+00
2.600000000000000089e+00
4.200000000000000178e+00
6.799999999999999822e+00
8.199999999999999289e+00
1.059999999999999964e+01
1.180000000000000071e+01
1.380000000000000071e+01
1.580000000000000071e+01
1.780000000000000071e+01
1.880000000000000071e+01
2.039999999999999858e+01
2.300000000000000000e+01
2.480000000000000071e+01
2.619999999999999929e+01
2.780000000000000071e+01
3.000000000000000000e+01
3.180000000000000071e+01
3.200000000000000000e+01
3.200000000000000000e+01
