0.000000000000000000e+00
4.000000000000000777e-01
4.000000000000000777e-01
1.200000000000000178e+00
1.166190378969059971e+00
1.600000000000000089e+00
1.599999999999999867e+00
1.854723699099140699e+00
1.469693845669906684e+00
1.469693845669906684e+00
1.600000000000000089e+00
1.720465053408525291e+00
1.720465053408525291e+00
7.999999999999999334e-01
1.095445115010332149e+00
1.166190378969060193e+00
1.166190378969059971e+00
7.483314773547883325e-01
6.324555320336758824e-01
3.999999999999999667e-01
0.000000000000000000e+00
0.000000000000000000e+00
