inf
inf
5.955427981778934308e-03
4.375800887817879979e-03
2.343935693643000358e-03
2.558181854203351799e-03
1.140315987634986849e-03
1.101204783639982707e-03
1.008340799836960049e-03
9.222390040607141579e-04
9.141682179019769861e-04
7.118113202051923501e-04
3.663837680579087419e-04
2.653508161455894504e-04
2.999455332185090354e-04
3.997531321733629453e-04
3.072615277947016318e-04
1.577261535077148817e-04
0.000000000000000000e+00
0.000000000000000000e+00
0.000000000000000000e+00
0.000000000000000000e+00
