0.000000000000000000e+00
4.000000000000000222e-01
1.000000000000000000e+00
2.399999999999999911e+00
3.600000000000000089e+00
6.000000000000000000e+00
7.599999999999999645e+00
9.599999999999999645e+00
1.159999999999999964e+01
1.419999999999999929e+01
1.480000000000000071e+01
1.600000000000000000e+01
1.780000000000000071e+01
2.000000000000000000e+01
2.219999999999999929e+01
2.319999999999999929e+01
2.619999999999999929e+01
2.860000000000000142e+01
3.060000000000000142e+01
3.180000000000000071e+01
3.200000000000000000e+01
3.200000000000000000e+01
