0.000000000000000000e+00
4.898979485566356540e-01
8.944271909999158554e-01
1.019803902718557032e+00
8.000000000000000444e-01
1.673320053068151125e+00
2.059126028197399982e+00
2.416609194718914555e+00
2.416609194718914555e+00
2.638181191654583646e+00
2.135415650406262245e+00
2.828427124746190291e+00
2.785677655436823663e+00
2.756809750418044214e+00
2.039607805437114063e+00
2.039607805437114063e+00
2.039607805437113619e+00
2.332380757938119942e+00
1.199999999999999956e+00
3.999999999999999667e-01
0.000000000000000000e+00
0.000000000000000000e+00
