inf
6.839287955229118234e+04
5.232364786221306713e+04
4.952660584759607445e+04
4.711010497705541638e+04
4.542906199926872796e+04
3.852025537709288619e+04
4.170877215014254034e+04
6.003388144331275544e+04
4.790740707415932411e+04
4.315680597017897526e+04
4.676814155245835718e+04
3.076052244999893082e+04
2.955145655528259522e+04
1.887190096579025703e+04
7.755240017881997119e+03
3.041830941436055582e+03
1.288438547597776733e+03
0.000000000000000000e+00
0.000000000000000000e+00
0.000000000000000000e+00
0.000000000000000000e+00
